# Created by Octave 4.2.2, Thu May 02 15:41:14 2019 CEST <rpr@rpr-LIFEBOOK-A357>
# name: tmp
# type: complex matrix
# rows: 172
# columns: 1
 (8,0)
 (-45,0)
 (0.2195003728269626,0.06797052819973826)
 (-0.103943537690042,-0.08075600515082884)
 (-0.09822973178456644,0.2000376679615289)
 (-0.006444401627431415,0.1225105723163002)
 (-0.1153656233674679,-0.09650933335285253)
 (0.09053330826734779,-0.05754472524114862)
 (0.2077817923929375,0.1924645142144802)
 (0.03225836514420684,-0.132429539768154)
 (-40,0)
 (0.1169741143718156,-0.04010283038660461)
 (0.02596755192503964,-0.2133443755573254)
 (-0.01068848716542131,0.06999878599597549)
 (-0.04467898108146923,0.02399377415224264)
 (0.01493848774737364,-0.1553424548767273)
 (0.02221197629354033,-0.1038452812246546)
 (0.0218243364309261,0.2515684828607845)
 (0.2515929974630371,-0.01926776701568631)
 (-35,0)
 (0.2664988472265115,0.06040518199283047)
 (-0.1050556037013224,-0.1503176631263927)
 (0.03805151904055654,-0.03443410326202559)
 (0.1210025449863674,0.1938882925171753)
 (0.1565163131547395,0.1261743649294236)
 (-0.04764008635269509,-0.06335089274580021)
 (-0.08987513913801387,0.01688731819671572)
 (0.05560613303038806,0.1041511749961671)
 (-30,0)
 (0.1377479296232486,0.03348957558445677)
 (0.1064993203573205,-0.05546627500489608)
 (-0.05367500978920615,0.109901135848866)
 (-0.133158226790512,0.3205837438486625)
 (0.07420328350159927,-0.09631812214313636)
 (0.1489578573596149,0.05449105490471884)
 (-0.08617475048706773,-0.1567426762211369)
 (-0.159948422286987,0.08136026894221526)
 (-25,0)
 (0.11012049523239,0.06378022048971041)
 (0.03294248412380062,-0.07562365981890522)
 (-0.2089404725485433,-0.02427890123020471)
 (-0.06118992043534499,0.1086238694449289)
 (-0.1648293773506289,0.1307484886611202)
 (0.1062031837814189,0.01992036511553187)
 (0.05042623414238034,-0.07179233515535795)
 (-0.1090906549329942,-0.1932423186079619)
 (-20,0)
 (0.1401818151509993,0.01803943046392672)
 (0.05828971302850522,-0.009123737079589356)
 (-0.05783945054899883,-0.1865092271003067)
 (-0.08669490578217418,-0.0169585754299297)
 (-0.08701306017847925,0.1723635696334918)
 (0.09180207933393679,-0.01600519783635793)
 (0.06877978572089546,0.03557538851541606)
 (0.3039216654251651,-0.03165086852295242)
 (-15,0)
 (0.276553835385796,-0.03398867177556407)
 (0.1654973242909181,0.0195502059487393)
 (-0.06297582062801431,-0.07636769060598739)
 (-0.1257913621250545,-0.03482878523500854)
 (-0.04896667157321968,-0.06251662715045339)
 (-0.1924416852770477,0.08215631673294571)
 (-0.02411408939041973,0.1035750800344449)
 (0.02001676030144151,0.06475000014850077)
 (-10,0)
 (0.110164135428392,-0.06147974165308137)
 (0.1747940172712248,0.02984981295219363)
 (0.02397902103249398,0.01812923336858968)
 (-0.0491690989496921,-0.1508000838118315)
 (-0.05566563054472552,-0.1480730975786439)
 (-0.1488358692267873,0.04506664850523827)
 (-0.08605917616419341,-0.1595570318324178)
 (-0.2297614004612613,0.0903298767083985)
 (-5,0)
 (0.1436329861266223,-0.117428448135917)
 (0.1754459228033335,0.0153779875286665)
 (0.1160417161526522,-0.04012149014429039)
 (0.1533884235281662,-0.06303347875857439)
 (0.06159433955756111,-0.06926853823094734)
 (0.08324586661114526,0.05061482648751538)
 (-0.04422296160239041,-0.291299352741869)
 (-0.05808501676713536,-0.04689769952292228)
 (0,0)
 (0.1203672895471889,0.05073523643436629)
 (0.07740342289131469,-0.09857329229590478)
 (0.1396080916505925,0.008307408226136131)
 (0.06194504638888239,0.008121356866800067)
 (0.1069856216893315,0.08973705922957867)
 (0.114911808211609,-0.01581711986689546)
 (0.1425482848352895,-0.07530630781796069)
 (0.2362304347857914,0.03279565922388047)
 (5,0)
 (0.08888421461952686,-0.005279870889409773)
 (0.2496437064807219,0.02618392014359297)
 (0.0594431737960562,0.1349401829285021)
 (0.06116899358795987,-0.02557519744997289)
 (0.09036933165769832,0.1237145893052383)
 (0.02555216143468566,0.05554980296034416)
 (-0.04757926520493344,0.1507364166654108)
 (0.017816798442521,0.1634625953554016)
 (10,0)
 (0.2300395044332331,0.03940793836205592)
 (0.08583706134399707,-0.02643525833780745)
 (0.1745979994920914,0.03257408665335788)
 (-0.08693374141803051,0.1155497864238154)
 (-0.1363694792873305,0.1659246731854662)
 (-0.06787530607015882,-0.0486979471163176)
 (-0.05979261797076765,0.02410341812406972)
 (-0.2024493913603075,0.02761766972084116)
 (15,0)
 (0.1410971824774422,0.0685347551005835)
 (0.1173433004309531,0.0502421391413035)
 (0.04102716215554299,0.1335648175231571)
 (-0.05929936015108669,0.08388899603617372)
 (-0.06739559002111646,0.02775786221528857)
 (-0.04165585929431082,-0.03643470727568263)
 (-0.1453523424967185,-0.1145779912743152)
 (0.1690573428595712,-0.1634945895195669)
 (20,0)
 (0.1239917124187782,-0.05702645180032381)
 (0.04450195446606412,0.1209875257952521)
 (-0.02547950597368365,0.09663450215218312)
 (-0.05788233163848905,-0.1222281028998958)
 (-0.2085909465630099,-0.1316561170451975)
 (-0.0414109269062114,-0.08289630931581418)
 (0.02792724494690019,-0.1018219279282145)
 (0.1801743600007523,0.1555699243199133)
 (25,0)
 (0.0885445019780913,0.08474062526875435)
 (0.1109002698451968,0.1397929712249049)
 (-0.1213676973503002,0.1238471501919648)
 (-0.1316450283538011,-0.01031370339445488)
 (0.08086820844535135,-0.1116111499225085)
 (-0.009950561578556796,-0.1418734670652463)
 (0.05076597115579924,0.005678181311223551)
 (-0.2141342173964784,0.1745254704574482)
 (30,0)
 (0.2017522926595844,-0.05736129861174105)
 (-0.06480651715562427,-0.01307228035764155)
 (-0.1499419362989765,0.04964807161793121)
 (-0.07948778643254678,-0.07209285161373805)
 (-0.002683236600283245,0.05462837766009082)
 (0.04890454064429932,0.141118792157166)
 (-0.05983742798044318,0.2650803017970208)
 (-0.1872838072103065,-0.1010116294642982)
 (35,0)
 (0.2531219893372783,-0.002895889735062043)
 (-0.03764676745656057,0.1392072298303923)
 (-0.03273009330542585,-0.04704021399648989)
 (0.0524792128801069,-0.1800047508797687)
 (0.1288680942463619,-0.1452468748212911)
 (-0.03251140406165121,-0.0002001345126553256)
 (-0.2061084467805498,0.02228051836964936)
 (0.1249871035914401,-0.04687338595234578)
 (40,0)
 (0.1040052041957903,-0.115253378325074)
 (-0.07062399113034014,0.1256882422682501)
 (-0.09201943781391467,-0.09082472604993257)
 (0.07034426333468621,-0.01413671930584448)
 (-0.008128083700841088,0.07387962056718726)
 (-0.119550005789789,0.05760324052557158)
 (0.06532913253870351,-0.05161815446257528)
 (0.3572450082962946,-0.08673376777370426)
 (45,0)
 (0.1936098214852257,-0.1879762659881457)
 (-0.1521411775565158,0.006930305461837913)
 (-0.01180004327118774,-0.07307152669717096)
 (0.06509907857414571,-0.02122568475742279)
 (-0.01440533187905747,0.02959980781230516)
 (-0.01564855010104112,-0.2287921401635108)
 (0.1322478683599147,-0.241293356843282)
 (0.113565863523747,0.180119289429912)


