# Created by Octave 4.2.2, Tue Apr 30 16:32:25 2019 CEST <rpr@rpr-LIFEBOOK-A357>
# name: tmp
# type: complex matrix
# rows: 172
# columns: 1
 (8,0)
 (-45,0)
 (0.04591524236740452,-0.03990930988466312)
 (-0.2103042305172064,0.268359882135734)
 (-0.02576296274834831,-0.06696496501098145)
 (0.1857235260261899,-0.009931860878287055)
 (0.05461141367586642,0.09138988614022714)
 (-0.05977249401581823,-0.00795815936213227)
 (0.1128296167637723,-0.05099936799789914)
 (0.07845652204671871,0.1002708068037821)
 (-40,0)
 (0.1613623377849543,0.04505867713773461)
 (-0.08208499751007724,0.03716299615119129)
 (-0.0683933028303364,0.04675278164938627)
 (0.01994887458076518,0.0188379862714138)
 (0.1870651424753497,0.2327008707759531)
 (-0.1094822386158898,0.04084339124885357)
 (-0.03964594026722099,-0.1770556052412646)
 (0.1524894651699401,-0.02916056980364386)
 (-35,0)
 (0.08948308825736162,-0.08781952284569408)
 (-0.09618433183580097,0.08168182203049894)
 (-0.08850642644768696,-0.02592093441990629)
 (0.2858347463887057,0.1384919514012443)
 (0.4102445804095325,0.1899961282370743)
 (0.1347130276011371,0.08060456615286618)
 (-0.1535880618514685,0.3612995318834595)
 (0.1778072200846463,-0.2503382837837554)
 (-30,0)
 (0.1286360377199928,0.05725036611000364)
 (0.04698976415137422,0.1398794919220035)
 (-0.1461830985193398,0.06633575479831681)
 (-0.07887111095706965,-0.02602800210379068)
 (0.1732123759675128,-0.03671632493181122)
 (0.1148268612573716,0.005080955077269071)
 (-0.0489117148166785,0.1345026101351291)
 (-0.08006178174709078,-0.1134671026950451)
 (-25,0)
 (0.07700717480483432,-0.1094125243235004)
 (-0.03223303611753746,0.1839927593435073)
 (-0.03949454072871789,0.1205978357427043)
 (-0.09324312015592488,-0.1518511436471143)
 (0.05994681131509201,-0.05878225557056635)
 (0.1703261864995762,-0.03300613890533075)
 (0.2093497925076718,0.1270270583987574)
 (0.01681897479043792,0.0513713862376115)
 (-20,0)
 (0.3335835212460382,-0.06486281579097852)
 (-0.02961603474909019,0.3840370041823374)
 (0.03523892605864398,0.2365453650503005)
 (0.1342844198161237,0.06554228327610796)
 (0.004346168991974601,-0.1987451021853179)
 (-0.1140156900109014,-0.07061526823386795)
 (0.02808392757596673,-0.07959238230949708)
 (-0.002934580279850441,0.06036547069875196)
 (-15,0)
 (0.1839766873544364,-0.1021656253846488)
 (0.08833594980808729,0.09958466089044736)
 (-0.05766930418109392,0.2526001697467248)
 (0.001947674818215509,0.1389495066773489)
 (-0.1064848041985124,0.09288811091826712)
 (0.001321824249870859,-0.07733642603284219)
 (-0.001939779837194957,-0.053548099591519)
 (0.1022374754642366,-0.08295503766897458)
 (-10,0)
 (0.1893065073491653,0.0482177058428478)
 (0.1233170818569606,0.06152749942665618)
 (0.02653842273102763,0.1374174076315759)
 (0.03673420621868746,0.1116036780710751)
 (-0.0205385243956716,0.1509925202291588)
 (-0.1255320654888335,0.06365802527226326)
 (-0.06833036352677287,0.06471339028868556)
 (-0.06733735762071252,0.001910628335063849)
 (-5,0)
 (0.04139145035588543,0.03356635792475676)
 (0.07072327842343182,0.04421122062624529)
 (0.1044689311801724,0.1009967530150468)
 (0.1297943583210415,0.1197179827785299)
 (0.1292760723288945,0.03963972402049491)
 (0.1707539207027967,0.1350413648417532)
 (-0.1334325240868789,0.1646356922671323)
 (0.03122020100503039,0.1286442111314674)
 (0,0)
 (0.05976683304239472,-0.08236741416147003)
 (0.09333530506028292,-0.002326511028545394)
 (0.1045384967840969,-0.006371603574571869)
 (0.1288550563689517,0.04671222505537363)
 (0.1943160110192936,-0.01726084185950647)
 (0.1018654212211085,0.03020458760148726)
 (0.1629943388874278,0.01138969564832703)
 (0.1543285376164443,0.02001986231890518)
 (5,0)
 (0.6349462071735119,-0.895036645252657)
 (0.1390815645676341,0.1225552175421213)
 (-0.02886221689567836,-0.2642669749387854)
 (0.009215148946408142,0.1649814478360175)
 (0.3274780212806376,0.0454726956595555)
 (0.2781225574249486,-0.1979000839078698)
 (0.2006329666808863,0.05622096538579115)
 (0.1793413989853976,0.09894299934207321)
 (10,0)
 (0.2386851026924521,0.05520940560158934)
 (0.1717297419228623,-0.06705010474489943)
 (0.2767784565466434,-0.1224695220606155)
 (-0.0004841844156640192,-0.08650213721693406)
 (0.02207823751475001,0.0401332069883221)
 (-0.2616970726588989,-0.1586388119653513)
 (-0.0405018989905036,0.02610326729500387)
 (0.0949566944564742,0.1314641472515581)
 (15,0)
 (0.124901768049789,-0.01314749804468583)
 (0.1270929733913022,-0.01146165321409678)
 (-0.01495559430979278,-0.1341221710947548)
 (-0.09142539225216935,-0.09330474942204849)
 (-0.1056886617914126,-0.06041346363824229)
 (-0.1295693675267211,0.1006523275907977)
 (-0.03432381376850312,0.1036186598902864)
 (0.06301720195316184,0.1087313942690497)
 (20,0)
 (0.1169436783416397,-0.06999748437161862)
 (0.08961689214371793,0.0001284709508192726)
 (-0.005754768777148856,-0.05868582161735315)
 (-0.1801020592328122,0.07573552868965226)
 (-0.1087271706806271,0.02047651016128827)
 (-0.002829765590803021,0.2227658859956912)
 (0.1327333373325791,0.1294075450818406)
 (0.09874733123915719,-0.07897946122294665)
 (25,0)
 (0.2619391447624997,-0.07457696568091941)
 (0.09781738371938632,0.06108965009327773)
 (-0.04140821701570022,0.01044961898419403)
 (-0.231764138982356,0.127778844519141)
 (0.1168026631596003,0.1695891834146826)
 (0.1138884133680465,0.07793314413637313)
 (0.1037498688187695,-0.04647491029329098)
 (0.0120656981959604,-0.07406131918755329)
 (30,0)
 (0.1416310463639265,-0.00316543929985896)
 (-0.008741019742937695,-0.06926385522240779)
 (-0.1127274656588012,-0.06114914773760101)
 (-0.009133165723654371,0.1359157004123718)
 (0.1358772957211564,0.07796081152841348)
 (0.1295221674551547,-0.03368884008208949)
 (-0.05547966405516495,-0.1021597465649435)
 (-0.1409026539520161,0.05781002332753199)
 (35,0)
 (0.2182377711344864,0.03145548123751101)
 (0.09744195652191764,-0.2236116482222882)
 (-0.06445575287011936,0.07656208511896605)
 (0.06475888064851007,0.08452901940110699)
 (0.0892810836683859,0.08554509063226963)
 (-0.1694951419043886,-0.09066159204345836)
 (-0.0580872924862593,-0.03945567569260044)
 (0.06546096845193398,0.1424780345829269)
 (40,0)
 (0.1771935711881429,-0.08536580784215875)
 (-0.1187409268435949,-0.1432586157421656)
 (-0.0214714099753168,0.1526142162692472)
 (0.1390333639103166,0.2510891866976317)
 (0.2021396377353174,0.1806347288005778)
 (-0.1647874960758865,0.0320704323570056)
 (0.0172348439079319,-0.02266838624054929)
 (0.2048923130642919,0.05081381081651187)
 (45,0)
 (0.09323917715531493,-0.0831020065021843)
 (-0.2573385854743919,-0.1209824909079801)
 (-0.1195145878999052,-0.007749638225245888)
 (0.07108059707246039,0.1147339578330417)
 (-0.1777449628058996,-0.07401481679453542)
 (-0.2005348881425093,-0.04084817529352775)
 (0.04254002411863539,0.1258022988938243)
 (0.07791574455467279,-0.1471854490918565)


